         time_stamp  satellite_count satellite_name aggregator_flag                        federatedlearning_adjacencymatrix
2025-06-04 23:41:14                4           None            None [[0, 0, 0, 0], [0, 0, 0, 0], [0, 0, 0, 0], [0, 0, 0, 0]]
2025-06-04 23:42:14                4           None            None [[0, 0, 0, 0], [0, 0, 0, 0], [0, 0, 0, 0], [0, 0, 0, 0]]
2025-06-04 23:43:14                4           None            None [[0, 0, 0, 0], [0, 0, 0, 0], [0, 0, 0, 0], [0, 0, 0, 0]]
2025-06-04 23:44:14                4    Satellite 4            True [[0, 1, 0, 1], [1, 0, 0, 0], [0, 0, 0, 0], [1, 0, 0, 0]]
2025-06-04 23:45:14                4    Satellite 4            True [[0, 1, 0, 1], [1, 0, 0, 1], [0, 0, 0, 0], [1, 1, 0, 0]]
2025-06-04 23:46:14                4    Satellite 4            True [[0, 1, 0, 1], [1, 0, 0, 1], [0, 0, 0, 0], [1, 1, 0, 0]]
2025-06-04 23:47:14                4    Satellite 4            True [[0, 1, 0, 1], [1, 0, 0, 1], [0, 0, 0, 0], [1, 1, 0, 0]]
2025-06-04 23:48:14                4    Satellite 4            True [[0, 1, 0, 1], [1, 0, 0, 1], [0, 0, 0, 0], [1, 1, 0, 0]]
2025-06-04 23:49:14                4    Satellite 4            True [[0, 1, 0, 1], [1, 0, 0, 1], [0, 0, 0, 0], [1, 1, 0, 0]]
2025-06-04 23:50:14                4    Satellite 4            True [[0, 1, 0, 1], [1, 0, 1, 1], [0, 1, 0, 0], [1, 1, 0, 0]]