         time_stamp  satellite_count satellite_name aggregator_flag                                                     federatedlearning_adjacencymatrix
2025-06-03 12:00:00                5           None            None [[0, 0, 0, 0, 0], [0, 0, 0, 0, 0], [0, 0, 0, 0, 0], [0, 0, 0, 0, 0], [0, 0, 0, 0, 0]]
2025-06-03 12:01:00                5           None            None [[0, 0, 0, 0, 0], [0, 0, 0, 0, 0], [0, 0, 0, 0, 0], [0, 0, 0, 0, 0], [0, 0, 0, 0, 0]]
2025-06-03 12:02:00                5           None            None [[0, 0, 0, 0, 0], [0, 0, 0, 0, 0], [0, 0, 0, 0, 0], [0, 0, 0, 0, 0], [0, 0, 0, 0, 0]]
2025-06-03 12:03:00                5    Satellite_2            True [[0, 1, 0, 0, 1], [1, 0, 1, 0, 0], [0, 1, 0, 0, 1], [0, 0, 0, 0, 1], [1, 0, 1, 1, 0]]
2025-06-03 12:04:00                5           None            None [[0, 0, 0, 0, 0], [0, 0, 0, 0, 0], [0, 0, 0, 0, 0], [0, 0, 0, 0, 0], [0, 0, 0, 0, 0]]
2025-06-03 12:05:00                5           None            None [[0, 0, 0, 0, 0], [0, 0, 0, 0, 0], [0, 0, 0, 0, 0], [0, 0, 0, 0, 0], [0, 0, 0, 0, 0]]
2025-06-03 12:06:00                5           None            None [[0, 0, 0, 0, 0], [0, 0, 0, 0, 0], [0, 0, 0, 0, 0], [0, 0, 0, 0, 0], [0, 0, 0, 0, 0]]
2025-06-03 12:07:00                5    Satellite_4            True [[0, 0, 0, 1, 0], [0, 0, 1, 1, 0], [0, 1, 0, 0, 0], [1, 1, 0, 0, 0], [0, 0, 0, 0, 0]]
2025-06-03 12:08:00                5    Satellite_4            True [[0, 1, 1, 1, 1], [1, 0, 1, 0, 0], [1, 1, 0, 0, 1], [1, 0, 0, 0, 1], [1, 0, 1, 1, 0]]
2025-06-03 12:09:00                5           None            None [[0, 0, 0, 0, 0], [0, 0, 0, 0, 0], [0, 0, 0, 0, 0], [0, 0, 0, 0, 0], [0, 0, 0, 0, 0]]
2025-06-03 12:10:00                5           None            None [[0, 0, 0, 0, 0], [0, 0, 0, 0, 0], [0, 0, 0, 0, 0], [0, 0, 0, 0, 0], [0, 0, 0, 0, 0]]
2025-06-03 12:11:00                5           None            None [[0, 0, 0, 0, 0], [0, 0, 0, 0, 0], [0, 0, 0, 0, 0], [0, 0, 0, 0, 0], [0, 0, 0, 0, 0]]
2025-06-03 12:12:00                5    Satellite_1            True [[0, 0, 1, 1, 0], [0, 0, 1, 0, 0], [1, 1, 0, 0, 0], [1, 0, 0, 0, 1], [0, 0, 0, 1, 0]]
2025-06-03 12:13:00                5           None            None [[0, 0, 0, 0, 0], [0, 0, 0, 0, 0], [0, 0, 0, 0, 0], [0, 0, 0, 0, 0], [0, 0, 0, 0, 0]]
2025-06-03 12:14:00                5           None            None [[0, 0, 0, 0, 0], [0, 0, 0, 0, 0], [0, 0, 0, 0, 0], [0, 0, 0, 0, 0], [0, 0, 0, 0, 0]]
2025-06-03 12:15:00                5           None            None [[0, 0, 0, 0, 0], [0, 0, 0, 0, 0], [0, 0, 0, 0, 0], [0, 0, 0, 0, 0], [0, 0, 0, 0, 0]]
2025-06-03 12:16:00                5    Satellite_1            True [[0, 0, 0, 0, 0], [0, 0, 1, 0, 0], [0, 1, 0, 0, 0], [0, 0, 0, 0, 1], [0, 0, 0, 1, 0]]
2025-06-03 12:17:00                5    Satellite_1            True [[0, 0, 0, 0, 0], [0, 0, 0, 0, 0], [0, 0, 0, 0, 1], [0, 0, 0, 0, 1], [0, 0, 1, 1, 0]]
2025-06-03 12:18:00                5    Satellite_1            True [[0, 1, 0, 1, 0], [1, 0, 1, 0, 0], [0, 1, 0, 0, 1], [1, 0, 0, 0, 1], [0, 0, 1, 1, 0]]
2025-06-03 12:19:00                5           None            None [[0, 0, 0, 0, 0], [0, 0, 0, 0, 0], [0, 0, 0, 0, 0], [0, 0, 0, 0, 0], [0, 0, 0, 0, 0]]