         time_stamp  satellite_count satellite_name aggregator_flag                        federatedlearning_adjacencymatrix
2025-06-06 22:46:27                4           None            None [[0, 0, 0, 0], [0, 0, 0, 0], [0, 0, 0, 0], [0, 0, 0, 0]]
2025-06-06 22:47:27                4           None            None [[0, 0, 0, 0], [0, 0, 0, 0], [0, 0, 0, 0], [0, 0, 0, 0]]
2025-06-06 22:48:27                4           None            None [[0, 0, 0, 0], [0, 0, 0, 0], [0, 0, 0, 0], [0, 0, 0, 0]]
2025-06-06 22:49:27                4    Satellite 3            True [[0, 1, 0, 1], [1, 0, 0, 0], [0, 0, 0, 0], [1, 0, 0, 0]]
2025-06-06 22:50:27                4    Satellite 3            True [[0, 0, 0, 1], [0, 0, 0, 0], [0, 0, 0, 0], [1, 0, 0, 0]]
2025-06-06 22:51:27                4    Satellite 3            True [[0, 1, 0, 1], [1, 0, 0, 0], [0, 0, 0, 0], [1, 0, 0, 0]]
2025-06-06 22:52:27                4    Satellite 3            True [[0, 0, 0, 1], [0, 0, 0, 0], [0, 0, 0, 0], [1, 0, 0, 0]]
2025-06-06 22:53:27                4    Satellite 3            True [[0, 1, 0, 1], [1, 0, 0, 0], [0, 0, 0, 0], [1, 0, 0, 0]]
2025-06-06 22:54:27                4    Satellite 3            True [[0, 0, 0, 1], [0, 0, 0, 0], [0, 0, 0, 0], [1, 0, 0, 0]]
2025-06-06 22:55:27                4    Satellite 3            True [[0, 1, 0, 0], [1, 0, 0, 0], [0, 0, 0, 0], [0, 0, 0, 0]]