         time_stamp  satellite_count satellite_name aggregator_flag                        federatedlearning_adjacencymatrix
2024-09-12 12:00:00                4           None            None [[0, 0, 0, 0], [0, 0, 0, 0], [0, 0, 0, 0], [0, 0, 0, 0]]
2024-09-12 12:01:00                4           None            None [[0, 0, 0, 0], [0, 0, 0, 0], [0, 0, 0, 0], [0, 0, 0, 0]]
2024-09-12 12:02:00                4           None            None [[0, 0, 0, 0], [0, 0, 0, 0], [0, 0, 0, 0], [0, 0, 0, 0]]
2024-09-12 12:03:00                4    Satellite 4            True [[0, 0, 1, 0], [0, 0, 0, 1], [1, 0, 0, 0], [0, 1, 0, 0]]
2024-09-12 12:04:00                4    Satellite 4            True [[0, 1, 1, 0], [1, 0, 0, 1], [1, 0, 0, 0], [0, 1, 0, 0]]
2024-09-12 12:05:00                4           None            None [[0, 0, 0, 0], [0, 0, 0, 0], [0, 0, 0, 0], [0, 0, 0, 0]]
2024-09-12 12:06:00                4           None            None [[0, 0, 0, 0], [0, 0, 0, 0], [0, 0, 0, 0], [0, 0, 0, 0]]
2024-09-12 12:07:00                4           None            None [[0, 0, 0, 0], [0, 0, 0, 0], [0, 0, 0, 0], [0, 0, 0, 0]]
2024-09-12 12:08:00                4    Satellite 4            True [[0, 0, 1, 1], [0, 0, 0, 0], [1, 0, 0, 0], [1, 0, 0, 0]]
2024-09-12 12:09:00                4    Satellite 4            True [[0, 1, 0, 1], [1, 0, 0, 0], [0, 0, 0, 0], [1, 0, 0, 0]]
2024-09-12 12:10:00                4    Satellite 4            True [[0, 0, 0, 0], [0, 0, 0, 1], [0, 0, 0, 0], [0, 1, 0, 0]]
2024-09-12 12:11:00                4    Satellite 4            True [[0, 1, 1, 1], [1, 0, 0, 1], [1, 0, 0, 0], [1, 1, 0, 0]]
2024-09-12 12:12:00                4           None            None [[0, 0, 0, 0], [0, 0, 0, 0], [0, 0, 0, 0], [0, 0, 0, 0]]
2024-09-12 12:13:00                4           None            None [[0, 0, 0, 0], [0, 0, 0, 0], [0, 0, 0, 0], [0, 0, 0, 0]]
2024-09-12 12:14:00                4           None            None [[0, 0, 0, 0], [0, 0, 0, 0], [0, 0, 0, 0], [0, 0, 0, 0]]
2024-09-12 12:15:00                4    Satellite 1            True [[0, 1, 1, 1], [1, 0, 0, 1], [1, 0, 0, 1], [1, 1, 1, 0]]
2024-09-12 12:16:00                4           None            None [[0, 0, 0, 0], [0, 0, 0, 0], [0, 0, 0, 0], [0, 0, 0, 0]]
2024-09-12 12:17:00                4           None            None [[0, 0, 0, 0], [0, 0, 0, 0], [0, 0, 0, 0], [0, 0, 0, 0]]
2024-09-12 12:18:00                4           None            None [[0, 0, 0, 0], [0, 0, 0, 0], [0, 0, 0, 0], [0, 0, 0, 0]]
2024-09-12 12:19:00                4    Satellite 1            True [[0, 1, 0, 1], [1, 0, 0, 1], [0, 0, 0, 1], [1, 1, 1, 0]]
2024-09-12 12:20:00                4           None            None [[0, 0, 0, 0], [0, 0, 0, 0], [0, 0, 0, 0], [0, 0, 0, 0]]
2024-09-12 12:21:00                4           None            None [[0, 0, 0, 0], [0, 0, 0, 0], [0, 0, 0, 0], [0, 0, 0, 0]]
2024-09-12 12:22:00                4           None            None [[0, 0, 0, 0], [0, 0, 0, 0], [0, 0, 0, 0], [0, 0, 0, 0]]
2024-09-12 12:23:00                4    Satellite 1            True [[0, 1, 1, 0], [1, 0, 1, 1], [1, 1, 0, 1], [0, 1, 1, 0]]
2024-09-12 12:24:00                4           None            None [[0, 0, 0, 0], [0, 0, 0, 0], [0, 0, 0, 0], [0, 0, 0, 0]]
2024-09-12 12:25:00                4           None            None [[0, 0, 0, 0], [0, 0, 0, 0], [0, 0, 0, 0], [0, 0, 0, 0]]
2024-09-12 12:26:00                4           None            None [[0, 0, 0, 0], [0, 0, 0, 0], [0, 0, 0, 0], [0, 0, 0, 0]]
2024-09-12 12:27:00                4    Satellite 4            True [[0, 1, 1, 1], [1, 0, 0, 1], [1, 0, 0, 1], [1, 1, 1, 0]]
2024-09-12 12:28:00                4           None            None [[0, 0, 0, 0], [0, 0, 0, 0], [0, 0, 0, 0], [0, 0, 0, 0]]
2024-09-12 12:29:00                4           None            None [[0, 0, 0, 0], [0, 0, 0, 0], [0, 0, 0, 0], [0, 0, 0, 0]]
2024-09-12 12:30:00                4           None            None [[0, 0, 0, 0], [0, 0, 0, 0], [0, 0, 0, 0], [0, 0, 0, 0]]
2024-09-12 12:31:00                4    Satellite 1            True [[0, 1, 1, 1], [1, 0, 0, 1], [1, 0, 0, 1], [1, 1, 1, 0]]
2024-09-12 12:32:00                4           None            None [[0, 0, 0, 0], [0, 0, 0, 0], [0, 0, 0, 0], [0, 0, 0, 0]]
2024-09-12 12:33:00                4           None            None [[0, 0, 0, 0], [0, 0, 0, 0], [0, 0, 0, 0], [0, 0, 0, 0]]
2024-09-12 12:34:00                4           None            None [[0, 0, 0, 0], [0, 0, 0, 0], [0, 0, 0, 0], [0, 0, 0, 0]]
2024-09-12 12:35:00                4    Satellite 3            True [[0, 1, 1, 1], [1, 0, 0, 0], [1, 0, 0, 1], [1, 0, 1, 0]]
2024-09-12 12:36:00                4           None            None [[0, 0, 0, 0], [0, 0, 0, 0], [0, 0, 0, 0], [0, 0, 0, 0]]
2024-09-12 12:37:00                4           None            None [[0, 0, 0, 0], [0, 0, 0, 0], [0, 0, 0, 0], [0, 0, 0, 0]]
2024-09-12 12:38:00                4           None            None [[0, 0, 0, 0], [0, 0, 0, 0], [0, 0, 0, 0], [0, 0, 0, 0]]
2024-09-12 12:39:00                4    Satellite 4            True [[0, 1, 1, 1], [1, 0, 0, 1], [1, 0, 0, 1], [1, 1, 1, 0]]
2024-09-12 12:40:00                4           None            None [[0, 0, 0, 0], [0, 0, 0, 0], [0, 0, 0, 0], [0, 0, 0, 0]]
2024-09-12 12:41:00                4           None            None [[0, 0, 0, 0], [0, 0, 0, 0], [0, 0, 0, 0], [0, 0, 0, 0]]
2024-09-12 12:42:00                4           None            None [[0, 0, 0, 0], [0, 0, 0, 0], [0, 0, 0, 0], [0, 0, 0, 0]]
2024-09-12 12:43:00                4    Satellite 4            True [[0, 1, 1, 0], [1, 0, 0, 1], [1, 0, 0, 1], [0, 1, 1, 0]]
2024-09-12 12:44:00                4           None            None [[0, 0, 0, 0], [0, 0, 0, 0], [0, 0, 0, 0], [0, 0, 0, 0]]
2024-09-12 12:45:00                4           None            None [[0, 0, 0, 0], [0, 0, 0, 0], [0, 0, 0, 0], [0, 0, 0, 0]]
2024-09-12 12:46:00                4           None            None [[0, 0, 0, 0], [0, 0, 0, 0], [0, 0, 0, 0], [0, 0, 0, 0]]
2024-09-12 12:47:00                4    Satellite 4            True [[0, 1, 1, 0], [1, 0, 0, 1], [1, 0, 0, 1], [0, 1, 1, 0]]
2024-09-12 12:48:00                4           None            None [[0, 0, 0, 0], [0, 0, 0, 0], [0, 0, 0, 0], [0, 0, 0, 0]]
2024-09-12 12:49:00                4           None            None [[0, 0, 0, 0], [0, 0, 0, 0], [0, 0, 0, 0], [0, 0, 0, 0]]
2024-09-12 12:50:00                4           None            None [[0, 0, 0, 0], [0, 0, 0, 0], [0, 0, 0, 0], [0, 0, 0, 0]]
2024-09-12 12:51:00                4    Satellite 3            True [[0, 1, 1, 0], [1, 0, 0, 0], [1, 0, 0, 0], [0, 0, 0, 0]]
2024-09-12 12:52:00                4    Satellite 3            True [[0, 1, 1, 0], [1, 0, 0, 1], [1, 0, 0, 0], [0, 1, 0, 0]]
2024-09-12 12:53:00                4           None            None [[0, 0, 0, 0], [0, 0, 0, 0], [0, 0, 0, 0], [0, 0, 0, 0]]
2024-09-12 12:54:00                4           None            None [[0, 0, 0, 0], [0, 0, 0, 0], [0, 0, 0, 0], [0, 0, 0, 0]]
2024-09-12 12:55:00                4           None            None [[0, 0, 0, 0], [0, 0, 0, 0], [0, 0, 0, 0], [0, 0, 0, 0]]
2024-09-12 12:56:00                4    Satellite 1            True [[0, 1, 0, 0], [1, 0, 1, 1], [0, 1, 0, 0], [0, 1, 0, 0]]
2024-09-12 12:57:00                4           None            None [[0, 0, 0, 0], [0, 0, 0, 0], [0, 0, 0, 0], [0, 0, 0, 0]]
2024-09-12 12:58:00                4           None            None [[0, 0, 0, 0], [0, 0, 0, 0], [0, 0, 0, 0], [0, 0, 0, 0]]
2024-09-12 12:59:00                4           None            None [[0, 0, 0, 0], [0, 0, 0, 0], [0, 0, 0, 0], [0, 0, 0, 0]]
2024-09-12 13:00:00                4    Satellite 2            True [[0, 0, 1, 1], [0, 0, 0, 1], [1, 0, 0, 0], [1, 1, 0, 0]]
2024-09-12 13:01:00                4           None            None [[0, 0, 0, 0], [0, 0, 0, 0], [0, 0, 0, 0], [0, 0, 0, 0]]
2024-09-12 13:02:00                4           None            None [[0, 0, 0, 0], [0, 0, 0, 0], [0, 0, 0, 0], [0, 0, 0, 0]]
2024-09-12 13:03:00                4           None            None [[0, 0, 0, 0], [0, 0, 0, 0], [0, 0, 0, 0], [0, 0, 0, 0]]
2024-09-12 13:04:00                4    Satellite 1            True [[0, 0, 0, 1], [0, 0, 0, 1], [0, 0, 0, 0], [1, 1, 0, 0]]
2024-09-12 13:05:00                4    Satellite 1            True [[0, 1, 1, 1], [1, 0, 0, 1], [1, 0, 0, 1], [1, 1, 1, 0]]
2024-09-12 13:06:00                4           None            None [[0, 0, 0, 0], [0, 0, 0, 0], [0, 0, 0, 0], [0, 0, 0, 0]]
2024-09-12 13:07:00                4           None            None [[0, 0, 0, 0], [0, 0, 0, 0], [0, 0, 0, 0], [0, 0, 0, 0]]
2024-09-12 13:08:00                4           None            None [[0, 0, 0, 0], [0, 0, 0, 0], [0, 0, 0, 0], [0, 0, 0, 0]]
2024-09-12 13:09:00                4    Satellite 1            True [[0, 1, 1, 1], [1, 0, 0, 1], [1, 0, 0, 1], [1, 1, 1, 0]]
2024-09-12 13:10:00                4           None            None [[0, 0, 0, 0], [0, 0, 0, 0], [0, 0, 0, 0], [0, 0, 0, 0]]
2024-09-12 13:11:00                4           None            None [[0, 0, 0, 0], [0, 0, 0, 0], [0, 0, 0, 0], [0, 0, 0, 0]]
2024-09-12 13:12:00                4           None            None [[0, 0, 0, 0], [0, 0, 0, 0], [0, 0, 0, 0], [0, 0, 0, 0]]
2024-09-12 13:13:00                4    Satellite 1            True [[0, 1, 1, 1], [1, 0, 0, 0], [1, 0, 0, 1], [1, 0, 1, 0]]
2024-09-12 13:14:00                4           None            None [[0, 0, 0, 0], [0, 0, 0, 0], [0, 0, 0, 0], [0, 0, 0, 0]]
2024-09-12 13:15:00                4           None            None [[0, 0, 0, 0], [0, 0, 0, 0], [0, 0, 0, 0], [0, 0, 0, 0]]
2024-09-12 13:16:00                4           None            None [[0, 0, 0, 0], [0, 0, 0, 0], [0, 0, 0, 0], [0, 0, 0, 0]]
2024-09-12 13:17:00                4    Satellite 2            True [[0, 1, 1, 1], [1, 0, 0, 0], [1, 0, 0, 1], [1, 0, 1, 0]]
2024-09-12 13:18:00                4           None            None [[0, 0, 0, 0], [0, 0, 0, 0], [0, 0, 0, 0], [0, 0, 0, 0]]
2024-09-12 13:19:00                4           None            None [[0, 0, 0, 0], [0, 0, 0, 0], [0, 0, 0, 0], [0, 0, 0, 0]]
2024-09-12 13:20:00                4           None            None [[0, 0, 0, 0], [0, 0, 0, 0], [0, 0, 0, 0], [0, 0, 0, 0]]
2024-09-12 13:21:00                4    Satellite 1            True [[0, 1, 1, 1], [1, 0, 0, 1], [1, 0, 0, 0], [1, 1, 0, 0]]
2024-09-12 13:22:00                4           None            None [[0, 0, 0, 0], [0, 0, 0, 0], [0, 0, 0, 0], [0, 0, 0, 0]]
2024-09-12 13:23:00                4           None            None [[0, 0, 0, 0], [0, 0, 0, 0], [0, 0, 0, 0], [0, 0, 0, 0]]
2024-09-12 13:24:00                4           None            None [[0, 0, 0, 0], [0, 0, 0, 0], [0, 0, 0, 0], [0, 0, 0, 0]]
2024-09-12 13:25:00                4    Satellite 2            True [[0, 1, 1, 1], [1, 0, 0, 0], [1, 0, 0, 1], [1, 0, 1, 0]]
2024-09-12 13:26:00                4           None            None [[0, 0, 0, 0], [0, 0, 0, 0], [0, 0, 0, 0], [0, 0, 0, 0]]
2024-09-12 13:27:00                4           None            None [[0, 0, 0, 0], [0, 0, 0, 0], [0, 0, 0, 0], [0, 0, 0, 0]]
2024-09-12 13:28:00                4           None            None [[0, 0, 0, 0], [0, 0, 0, 0], [0, 0, 0, 0], [0, 0, 0, 0]]
2024-09-12 13:29:00                4    Satellite 3            True [[0, 1, 1, 1], [1, 0, 0, 1], [1, 0, 0, 1], [1, 1, 1, 0]]
2024-09-12 13:30:00                4           None            None [[0, 0, 0, 0], [0, 0, 0, 0], [0, 0, 0, 0], [0, 0, 0, 0]]
2024-09-12 13:31:00                4           None            None [[0, 0, 0, 0], [0, 0, 0, 0], [0, 0, 0, 0], [0, 0, 0, 0]]
2024-09-12 13:32:00                4           None            None [[0, 0, 0, 0], [0, 0, 0, 0], [0, 0, 0, 0], [0, 0, 0, 0]]
2024-09-12 13:33:00                4    Satellite 2            True [[0, 0, 1, 0], [0, 0, 0, 1], [1, 0, 0, 0], [0, 1, 0, 0]]
2024-09-12 13:34:00                4    Satellite 2            True [[0, 1, 1, 0], [1, 0, 0, 1], [1, 0, 0, 0], [0, 1, 0, 0]]
2024-09-12 13:35:00                4           None            None [[0, 0, 0, 0], [0, 0, 0, 0], [0, 0, 0, 0], [0, 0, 0, 0]]
2024-09-12 13:36:00                4           None            None [[0, 0, 0, 0], [0, 0, 0, 0], [0, 0, 0, 0], [0, 0, 0, 0]]
2024-09-12 13:37:00                4           None            None [[0, 0, 0, 0], [0, 0, 0, 0], [0, 0, 0, 0], [0, 0, 0, 0]]
2024-09-12 13:38:00                4    Satellite 4            True [[0, 1, 1, 0], [1, 0, 0, 1], [1, 0, 0, 1], [0, 1, 1, 0]]
2024-09-12 13:39:00                4           None            None [[0, 0, 0, 0], [0, 0, 0, 0], [0, 0, 0, 0], [0, 0, 0, 0]]