         time_stamp  satellite_count satellite_name aggregator_flag                        federatedlearning_adjacencymatrix
2025-06-06 22:41:34                4           None            None [[0, 0, 0, 0], [0, 0, 0, 0], [0, 0, 0, 0], [0, 0, 0, 0]]
2025-06-06 22:42:34                4           None            None [[0, 0, 0, 0], [0, 0, 0, 0], [0, 0, 0, 0], [0, 0, 0, 0]]
2025-06-06 22:43:34                4           None            None [[0, 0, 0, 0], [0, 0, 0, 0], [0, 0, 0, 0], [0, 0, 0, 0]]
2025-06-06 22:44:34                4    Satellite 3            True [[0, 1, 0, 1], [1, 0, 0, 0], [0, 0, 0, 0], [1, 0, 0, 0]]
2025-06-06 22:45:34                4    Satellite 3            True [[0, 1, 0, 1], [1, 0, 0, 1], [0, 0, 0, 0], [1, 1, 0, 0]]
2025-06-06 22:46:34                4    Satellite 3            True [[0, 1, 0, 1], [1, 0, 0, 0], [0, 0, 0, 0], [1, 0, 0, 0]]
2025-06-06 22:47:34                4    Satellite 3            True [[0, 1, 0, 1], [1, 0, 0, 0], [0, 0, 0, 0], [1, 0, 0, 0]]
2025-06-06 22:48:34                4    Satellite 3            True [[0, 0, 0, 1], [0, 0, 0, 1], [0, 0, 0, 0], [1, 1, 0, 0]]
2025-06-06 22:49:34                4    Satellite 3            True [[0, 1, 0, 1], [1, 0, 0, 0], [0, 0, 0, 0], [1, 0, 0, 0]]
2025-06-06 22:50:34                4    Satellite 3            True [[0, 1, 0, 1], [1, 0, 0, 0], [0, 0, 0, 0], [1, 0, 0, 0]]