         time_stamp  satellite_count satellite_name aggregator_flag                        federatedlearning_adjacencymatrix
2025-06-04 23:41:15                4           None            None [[0, 0, 0, 0], [0, 0, 0, 0], [0, 0, 0, 0], [0, 0, 0, 0]]
2025-06-04 23:42:15                4           None            None [[0, 0, 0, 0], [0, 0, 0, 0], [0, 0, 0, 0], [0, 0, 0, 0]]
2025-06-04 23:43:15                4           None            None [[0, 0, 0, 0], [0, 0, 0, 0], [0, 0, 0, 0], [0, 0, 0, 0]]
2025-06-04 23:44:15                4    Satellite 2            True [[0, 1, 0, 1], [1, 0, 0, 1], [0, 0, 0, 0], [1, 1, 0, 0]]
2025-06-04 23:45:15                4    Satellite 2            True [[0, 1, 0, 0], [1, 0, 0, 0], [0, 0, 0, 0], [0, 0, 0, 0]]
2025-06-04 23:46:15                4    Satellite 2            True [[0, 1, 0, 1], [1, 0, 0, 1], [0, 0, 0, 0], [1, 1, 0, 0]]
2025-06-04 23:47:15                4    Satellite 2            True [[0, 1, 0, 1], [1, 0, 1, 1], [0, 1, 0, 0], [1, 1, 0, 0]]
2025-06-04 23:48:15                4           None            None [[0, 0, 0, 0], [0, 0, 0, 0], [0, 0, 0, 0], [0, 0, 0, 0]]
2025-06-04 23:49:15                4           None            None [[0, 0, 0, 0], [0, 0, 0, 0], [0, 0, 0, 0], [0, 0, 0, 0]]
2025-06-04 23:50:15                4           None            None [[0, 0, 0, 0], [0, 0, 0, 0], [0, 0, 0, 0], [0, 0, 0, 0]]
2025-06-04 23:51:15                4    Satellite 1            True [[0, 0, 0, 1], [0, 0, 1, 1], [0, 1, 0, 0], [1, 1, 0, 0]]
2025-06-04 23:52:15                4           None            None [[0, 0, 0, 0], [0, 0, 0, 0], [0, 0, 0, 0], [0, 0, 0, 0]]
2025-06-04 23:53:15                4           None            None [[0, 0, 0, 0], [0, 0, 0, 0], [0, 0, 0, 0], [0, 0, 0, 0]]
2025-06-04 23:54:15                4           None            None [[0, 0, 0, 0], [0, 0, 0, 0], [0, 0, 0, 0], [0, 0, 0, 0]]
2025-06-04 23:55:15                4    Satellite 3            True [[0, 1, 1, 1], [1, 0, 0, 1], [1, 0, 0, 0], [1, 1, 0, 0]]
2025-06-04 23:56:15                4           None            None [[0, 0, 0, 0], [0, 0, 0, 0], [0, 0, 0, 0], [0, 0, 0, 0]]
2025-06-04 23:57:15                4           None            None [[0, 0, 0, 0], [0, 0, 0, 0], [0, 0, 0, 0], [0, 0, 0, 0]]
2025-06-04 23:58:15                4           None            None [[0, 0, 0, 0], [0, 0, 0, 0], [0, 0, 0, 0], [0, 0, 0, 0]]
2025-06-04 23:59:15                4    Satellite 3            True [[0, 1, 0, 1], [1, 0, 0, 1], [0, 0, 0, 0], [1, 1, 0, 0]]
2025-06-05 00:00:15                4    Satellite 3            True [[0, 1, 0, 0], [1, 0, 0, 1], [0, 0, 0, 0], [0, 1, 0, 0]]
2025-06-05 00:01:15                4    Satellite 3            True [[0, 1, 0, 1], [1, 0, 0, 1], [0, 0, 0, 0], [1, 1, 0, 0]]
2025-06-05 00:02:15                4    Satellite 3            True [[0, 1, 0, 1], [1, 0, 0, 0], [0, 0, 0, 0], [1, 0, 0, 0]]
2025-06-05 00:03:15                4    Satellite 3            True [[0, 1, 0, 1], [1, 0, 0, 1], [0, 0, 0, 0], [1, 1, 0, 0]]
2025-06-05 00:04:15                4    Satellite 3            True [[0, 0, 0, 0], [0, 0, 0, 1], [0, 0, 0, 1], [0, 1, 1, 0]]
2025-06-05 00:05:15                4    Satellite 3            True [[0, 0, 0, 1], [0, 0, 0, 1], [0, 0, 0, 0], [1, 1, 0, 0]]
2025-06-05 00:06:15                4    Satellite 3            True [[0, 1, 0, 1], [1, 0, 1, 0], [0, 1, 0, 0], [1, 0, 0, 0]]
2025-06-05 00:07:15                4           None            None [[0, 0, 0, 0], [0, 0, 0, 0], [0, 0, 0, 0], [0, 0, 0, 0]]
2025-06-05 00:08:15                4           None            None [[0, 0, 0, 0], [0, 0, 0, 0], [0, 0, 0, 0], [0, 0, 0, 0]]
2025-06-05 00:09:15                4           None            None [[0, 0, 0, 0], [0, 0, 0, 0], [0, 0, 0, 0], [0, 0, 0, 0]]
2025-06-05 00:10:15                4    Satellite 4            True [[0, 1, 0, 1], [1, 0, 0, 0], [0, 0, 0, 1], [1, 0, 1, 0]]