         time_stamp  satellite_count satellite_name aggregator_flag                        federatedlearning_adjacencymatrix
2025-06-04 23:36:08                4           None            None [[0, 0, 0, 0], [0, 0, 0, 0], [0, 0, 0, 0], [0, 0, 0, 0]]
2025-06-04 23:37:08                4           None            None [[0, 0, 0, 0], [0, 0, 0, 0], [0, 0, 0, 0], [0, 0, 0, 0]]
2025-06-04 23:38:08                4           None            None [[0, 0, 0, 0], [0, 0, 0, 0], [0, 0, 0, 0], [0, 0, 0, 0]]
2025-06-04 23:39:08                4    Satellite 2            True [[0, 1, 0, 0], [1, 0, 0, 0], [0, 0, 0, 1], [0, 0, 1, 0]]
2025-06-04 23:40:08                4    Satellite 2            True [[0, 1, 1, 0], [1, 0, 0, 0], [1, 0, 0, 0], [0, 0, 0, 0]]
2025-06-04 23:41:08                4    Satellite 2            True [[0, 0, 0, 0], [0, 0, 0, 0], [0, 0, 0, 1], [0, 0, 1, 0]]
2025-06-04 23:42:08                4    Satellite 2            True [[0, 1, 1, 0], [1, 0, 0, 1], [1, 0, 0, 1], [0, 1, 1, 0]]
2025-06-04 23:43:08                4           None            None [[0, 0, 0, 0], [0, 0, 0, 0], [0, 0, 0, 0], [0, 0, 0, 0]]
2025-06-04 23:44:08                4           None            None [[0, 0, 0, 0], [0, 0, 0, 0], [0, 0, 0, 0], [0, 0, 0, 0]]
2025-06-04 23:45:08                4           None            None [[0, 0, 0, 0], [0, 0, 0, 0], [0, 0, 0, 0], [0, 0, 0, 0]]