         time_stamp  satellite_count satellite_name aggregator_flag                        federatedlearning_adjacencymatrix
2025-06-04 00:00:00                4           None            None [[0, 0, 0, 0], [0, 0, 0, 0], [0, 0, 0, 0], [0, 0, 0, 0]]
2025-06-04 00:01:00                4           None            None [[0, 0, 0, 0], [0, 0, 0, 0], [0, 0, 0, 0], [0, 0, 0, 0]]
2025-06-04 00:02:00                4           None            None [[0, 0, 0, 0], [0, 0, 0, 0], [0, 0, 0, 0], [0, 0, 0, 0]]
2025-06-04 00:03:00                4    Satellite 1            True [[0, 1, 0, 1], [1, 0, 0, 1], [0, 0, 0, 0], [1, 1, 0, 0]]
2025-06-04 00:04:00                4    Satellite 1            True [[0, 0, 0, 1], [0, 0, 0, 1], [0, 0, 0, 0], [1, 1, 0, 0]]
2025-06-04 00:05:00                4    Satellite 1            True [[0, 1, 0, 1], [1, 0, 0, 1], [0, 0, 0, 0], [1, 1, 0, 0]]
2025-06-04 00:06:00                4    Satellite 1            True [[0, 1, 0, 1], [1, 0, 0, 1], [0, 0, 0, 0], [1, 1, 0, 0]]
2025-06-04 00:07:00                4    Satellite 1            True [[0, 1, 1, 1], [1, 0, 0, 1], [1, 0, 0, 0], [1, 1, 0, 0]]
2025-06-04 00:08:00                4           None            None [[0, 0, 0, 0], [0, 0, 0, 0], [0, 0, 0, 0], [0, 0, 0, 0]]
2025-06-04 00:09:00                4           None            None [[0, 0, 0, 0], [0, 0, 0, 0], [0, 0, 0, 0], [0, 0, 0, 0]]
2025-06-04 00:10:00                4           None            None [[0, 0, 0, 0], [0, 0, 0, 0], [0, 0, 0, 0], [0, 0, 0, 0]]
2025-06-04 00:11:00                4    Satellite 3            True [[0, 0, 0, 1], [0, 0, 0, 1], [0, 0, 0, 0], [1, 1, 0, 0]]
2025-06-04 00:12:00                4    Satellite 3            True [[0, 0, 0, 1], [0, 0, 0, 1], [0, 0, 0, 0], [1, 1, 0, 0]]
2025-06-04 00:13:00                4    Satellite 3            True [[0, 1, 0, 1], [1, 0, 0, 1], [0, 0, 0, 0], [1, 1, 0, 0]]
2025-06-04 00:14:00                4    Satellite 3            True [[0, 1, 0, 1], [1, 0, 0, 1], [0, 0, 0, 1], [1, 1, 1, 0]]
2025-06-04 00:15:00                4           None            None [[0, 0, 0, 0], [0, 0, 0, 0], [0, 0, 0, 0], [0, 0, 0, 0]]
2025-06-04 00:16:00                4           None            None [[0, 0, 0, 0], [0, 0, 0, 0], [0, 0, 0, 0], [0, 0, 0, 0]]
2025-06-04 00:17:00                4           None            None [[0, 0, 0, 0], [0, 0, 0, 0], [0, 0, 0, 0], [0, 0, 0, 0]]
2025-06-04 00:18:00                4    Satellite 1            True [[0, 0, 0, 1], [0, 0, 0, 1], [0, 0, 0, 0], [1, 1, 0, 0]]
2025-06-04 00:19:00                4    Satellite 1            True [[0, 1, 0, 1], [1, 0, 0, 1], [0, 0, 0, 0], [1, 1, 0, 0]]