         time_stamp  satellite_count satellite_name aggregator_flag                                                                                                                                                                                federatedlearning_adjacencymatrix
2025-06-04 23:41:45                8           None            None [[0, 0, 0, 0, 0, 0, 0, 0], [0, 0, 0, 0, 0, 0, 0, 0], [0, 0, 0, 0, 0, 0, 0, 0], [0, 0, 0, 0, 0, 0, 0, 0], [0, 0, 0, 0, 0, 0, 0, 0], [0, 0, 0, 0, 0, 0, 0, 0], [0, 0, 0, 0, 0, 0, 0, 0], [0, 0, 0, 0, 0, 0, 0, 0]]
2025-06-04 23:42:45                8           None            None [[0, 0, 0, 0, 0, 0, 0, 0], [0, 0, 0, 0, 0, 0, 0, 0], [0, 0, 0, 0, 0, 0, 0, 0], [0, 0, 0, 0, 0, 0, 0, 0], [0, 0, 0, 0, 0, 0, 0, 0], [0, 0, 0, 0, 0, 0, 0, 0], [0, 0, 0, 0, 0, 0, 0, 0], [0, 0, 0, 0, 0, 0, 0, 0]]
2025-06-04 23:43:45                8           None            None [[0, 0, 0, 0, 0, 0, 0, 0], [0, 0, 0, 0, 0, 0, 0, 0], [0, 0, 0, 0, 0, 0, 0, 0], [0, 0, 0, 0, 0, 0, 0, 0], [0, 0, 0, 0, 0, 0, 0, 0], [0, 0, 0, 0, 0, 0, 0, 0], [0, 0, 0, 0, 0, 0, 0, 0], [0, 0, 0, 0, 0, 0, 0, 0]]
2025-06-04 23:44:45                8    Satellite 7            True [[0, 1, 0, 1, 1, 0, 1, 0], [1, 0, 0, 0, 0, 0, 0, 0], [0, 0, 0, 0, 0, 0, 0, 1], [1, 0, 0, 0, 0, 0, 1, 0], [1, 0, 0, 0, 0, 0, 0, 0], [0, 0, 0, 0, 0, 0, 0, 1], [1, 0, 0, 1, 0, 0, 0, 0], [0, 0, 1, 0, 0, 1, 0, 0]]
2025-06-04 23:45:45                8    Satellite 7            True [[0, 0, 0, 1, 1, 0, 1, 0], [0, 0, 0, 1, 1, 0, 1, 0], [0, 0, 0, 0, 0, 0, 0, 1], [1, 1, 0, 0, 0, 0, 1, 0], [1, 1, 0, 0, 0, 1, 0, 0], [0, 0, 0, 0, 1, 0, 0, 1], [1, 1, 0, 1, 0, 0, 0, 1], [0, 0, 1, 0, 0, 1, 1, 0]]
2025-06-04 23:46:45                8           None            None [[0, 0, 0, 0, 0, 0, 0, 0], [0, 0, 0, 0, 0, 0, 0, 0], [0, 0, 0, 0, 0, 0, 0, 0], [0, 0, 0, 0, 0, 0, 0, 0], [0, 0, 0, 0, 0, 0, 0, 0], [0, 0, 0, 0, 0, 0, 0, 0], [0, 0, 0, 0, 0, 0, 0, 0], [0, 0, 0, 0, 0, 0, 0, 0]]
2025-06-04 23:47:45                8           None            None [[0, 0, 0, 0, 0, 0, 0, 0], [0, 0, 0, 0, 0, 0, 0, 0], [0, 0, 0, 0, 0, 0, 0, 0], [0, 0, 0, 0, 0, 0, 0, 0], [0, 0, 0, 0, 0, 0, 0, 0], [0, 0, 0, 0, 0, 0, 0, 0], [0, 0, 0, 0, 0, 0, 0, 0], [0, 0, 0, 0, 0, 0, 0, 0]]
2025-06-04 23:48:45                8           None            None [[0, 0, 0, 0, 0, 0, 0, 0], [0, 0, 0, 0, 0, 0, 0, 0], [0, 0, 0, 0, 0, 0, 0, 0], [0, 0, 0, 0, 0, 0, 0, 0], [0, 0, 0, 0, 0, 0, 0, 0], [0, 0, 0, 0, 0, 0, 0, 0], [0, 0, 0, 0, 0, 0, 0, 0], [0, 0, 0, 0, 0, 0, 0, 0]]
2025-06-04 23:49:45                8    Satellite 5            True [[0, 1, 0, 1, 0, 0, 1, 0], [1, 0, 1, 1, 0, 0, 1, 0], [0, 1, 0, 0, 0, 0, 0, 0], [1, 1, 0, 0, 0, 0, 1, 0], [0, 0, 0, 0, 0, 1, 0, 1], [0, 0, 0, 0, 1, 0, 0, 1], [1, 1, 0, 1, 0, 0, 0, 0], [0, 0, 0, 0, 1, 1, 0, 0]]
2025-06-04 23:50:45                8    Satellite 5            True [[0, 1, 0, 1, 0, 0, 1, 0], [1, 0, 0, 0, 0, 0, 1, 0], [0, 0, 0, 0, 0, 0, 0, 1], [1, 0, 0, 0, 0, 0, 1, 0], [0, 0, 0, 0, 0, 1, 0, 1], [0, 0, 0, 0, 1, 0, 0, 1], [1, 1, 0, 1, 0, 0, 0, 0], [0, 0, 1, 0, 1, 1, 0, 0]]