Number of satellites: 40
Satellite 1, Satellite 2, Satellite 3, Satellite 4, Satellite 5, Satellite 6, Satellite 7, Satellite 8, Satellite 9, Satellite 10, Satellite 11, Satellite 12, Satellite 13, Satellite 14, Satellite 15, Satellite 16, Satellite 17, Satellite 18, Satellite 19, Satellite 20, Satellite 21, Satellite 22, Satellite 23, Satellite 24, Satellite 25, Satellite 26, Satellite 27, Satellite 28, Satellite 29, Satellite 30, Satellite 31, Satellite 32, Satellite 33, Satellite 34, Satellite 35, Satellite 36, Satellite 37, Satellite 38, Satellite 39, Satellite 40

Time: 2025-06-05 01:00:00
0 1 0 1 0 0 1 0 0 0 0 0 1 0 0 0 0 1 1 0 1 0 1 0 0 0 1 0 0 0 0 1 0 1 1 1 1 1 0 1
1 0 0 0 0 0 1 0 0 0 0 1 1 0 1 1 1 1 1 1 1 0 0 0 0 0 0 0 0 1 0 0 0 1 0 1 1 0 1 0
0 0 0 0 1 1 0 1 1 1 0 0 0 1 0 0 0 0 0 0 0 1 1 1 0 1 1 1 1 0 1 1 1 0 0 0 0 0 0 1
1 0 0 0 0 1 0 0 1 0 1 0 1 0 0 0 0 1 0 0 1 0 1 0 1 1 1 0 0 0 1 1 0 0 1 1 1 1 0 1
0 0 1 0 0 1 0 1 0 1 0 1 0 1 1 1 1 0 1 1 0 1 0 1 0 0 0 1 1 1 0 0 1 1 0 0 0 0 1 0
0 0 1 1 1 0 0 1 1 1 1 0 0 1 0 0 0 0 0 0 0 1 1 0 1 1 0 1 1 0 1 1 1 0 1 0 0 1 0 0
1 1 0 0 0 0 0 0 0 0 0 1 1 0 1 1 0 1 1 1 1 0 1 0 0 0 1 0 0 0 0 1 0 1 0 0 1 0 0 1
0 0 1 0 1 1 0 0 1 1 1 0 0 1 0 0 0 0 0 0 0 1 0 1 1 1 0 1 1 1 1 1 1 0 1 0 0 1 0 0
0 0 1 1 0 1 0 1 0 0 1 0 1 1 0 0 0 0 0 0 0 1 1 0 1 1 1 0 1 0 1 1 0 0 1 0 0 1 0 1
0 0 1 0 1 1 0 1 0 0 0 1 0 1 1 1 1 0 1 1 0 1 0 1 0 0 0 1 1 0 0 0 1 1 0 0 0 0 0 0
0 0 0 1 0 1 0 1 1 0 0 0 0 1 0 0 1 1 0 0 0 1 1 0 1 1 0 0 1 1 1 0 0 0 1 1 0 1 1 0
0 1 0 0 1 0 1 0 0 1 0 0 0 0 1 1 1 1 1 1 0 0 0 1 0 0 0 1 0 1 0 0 1 1 0 1 1 0 1 0
1 1 0 1 0 0 1 0 1 0 0 0 0 0 0 0 0 1 0 0 1 0 1 0 0 1 1 0 0 0 0 1 0 0 0 0 1 1 0 1
0 0 1 0 1 1 0 1 1 1 1 0 0 0 0 0 0 0 0 0 0 1 1 1 1 1 0 1 1 0 1 1 1 0 1 0 0 1 0 0
0 1 0 0 1 0 1 0 0 1 0 1 0 0 0 1 1 1 1 1 0 0 0 1 0 0 0 1 0 1 0 0 1 1 0 0 1 0 1 0
0 1 0 0 1 0 1 0 0 1 0 1 0 0 1 0 1 0 1 1 0 0 0 1 0 0 0 1 0 0 0 0 1 1 0 0 0 0 1 0
0 1 0 0 1 0 0 0 0 1 1 1 0 0 1 1 0 1 1 1 0 1 0 1 1 0 0 1 1 1 0 0 1 1 1 1 1 0 1 0
1 1 0 1 0 0 1 0 0 0 1 1 1 0 1 0 1 0 1 1 1 0 0 0 1 0 0 0 0 1 0 0 0 1 1 1 1 1 1 0
1 1 0 0 1 0 1 0 0 1 0 1 0 0 1 1 1 1 0 1 0 0 0 1 0 0 0 1 0 1 0 0 1 1 0 1 1 0 1 0
0 1 0 0 1 0 1 0 0 1 0 1 0 0 1 1 1 1 1 0 0 0 0 1 0 0 0 1 0 1 0 0 1 1 0 1 1 0 1 0
1 1 0 1 0 0 1 0 0 0 0 0 1 0 0 0 0 1 0 0 0 0 1 0 0 1 1 0 0 0 0 1 0 0 0 0 1 1 0 1
0 0 1 0 1 1 0 1 1 1 1 0 0 1 0 0 1 0 0 0 0 0 0 1 1 1 0 0 1 1 1 0 1 0 1 1 0 0 1 0
1 0 1 1 0 1 1 0 1 0 1 0 1 1 0 0 0 0 0 0 1 0 0 0 1 1 1 0 0 0 1 1 0 0 1 0 0 1 0 1
0 0 1 0 1 0 0 1 0 1 0 1 0 1 1 1 1 0 1 1 0 1 0 0 0 0 0 1 1 1 0 0 1 1 0 0 0 0 1 0
0 0 0 1 0 1 0 1 1 0 1 0 0 1 0 0 1 1 0 0 0 1 1 0 0 1 0 0 1 1 1 0 0 0 1 1 0 1 1 0
0 0 1 1 0 1 0 1 1 0 1 0 1 1 0 0 0 0 0 0 1 1 1 0 1 0 1 0 1 0 1 1 0 0 1 0 0 1 0 1
1 0 1 1 0 0 1 0 1 0 0 0 1 0 0 0 0 0 0 0 1 0 1 0 0 1 0 1 0 0 1 1 0 0 0 0 0 1 0 1
0 0 1 0 1 1 0 1 0 1 0 1 0 1 1 1 1 0 1 1 0 0 0 1 0 0 1 0 1 0 0 1 1 1 0 0 0 0 0 1
0 0 1 0 1 1 0 1 1 1 1 0 0 1 0 0 1 0 0 0 0 1 0 1 1 1 0 1 0 1 1 0 1 0 1 1 0 0 0 0
0 1 0 0 1 0 0 1 0 0 1 1 0 0 1 0 1 1 1 1 0 1 0 1 1 0 0 0 1 0 0 0 1 1 1 1 1 0 1 0
0 0 1 1 0 1 0 1 1 0 1 0 0 1 0 0 0 0 0 0 0 1 1 0 1 1 1 0 1 0 0 1 1 0 1 0 0 1 0 0
1 0 1 1 0 1 1 1 1 0 0 0 1 1 0 0 0 0 0 0 1 0 1 0 0 1 1 1 0 0 1 0 0 0 0 0 0 1 0 1
0 0 1 0 1 1 0 1 0 1 0 1 0 1 1 1 1 0 1 1 0 1 0 1 0 0 0 1 1 1 1 0 0 1 0 0 0 0 0 0
1 1 0 0 1 0 1 0 0 1 0 1 0 0 1 1 1 1 1 1 0 0 0 1 0 0 0 1 0 1 0 0 1 0 0 1 1 0 1 0
1 0 0 1 0 1 0 1 1 0 1 0 0 1 0 0 1 1 0 0 0 1 1 0 1 1 0 0 1 1 1 0 0 0 0 1 1 1 1 0
1 1 0 1 0 0 0 0 0 0 1 1 0 0 0 0 1 1 1 1 0 1 0 0 1 0 0 0 1 1 0 0 0 1 1 0 1 1 1 0
1 1 0 1 0 0 1 0 0 0 0 1 1 0 1 0 1 1 1 1 1 0 0 0 0 0 0 0 0 1 0 0 0 1 1 1 0 1 1 0
1 0 0 1 0 1 0 1 1 0 1 0 1 1 0 0 0 1 0 0 1 0 1 0 1 1 1 0 0 0 1 1 0 0 1 1 1 0 0 1
0 1 0 0 1 0 0 0 0 0 1 1 0 0 1 1 1 1 1 1 0 1 0 1 1 0 0 0 0 1 0 0 0 1 1 1 1 0 0 0
1 0 1 1 0 0 1 0 1 0 0 0 1 0 0 0 0 0 0 0 1 0 1 0 0 1 1 1 0 0 0 1 0 0 0 0 0 1 0 0

