Number of satellites: 4
Satellite 1, Satellite 2, Satellite 3, Satellite 4

Time: 2025-06-04 00:00:00
0 1 0 1
1 0 0 1
0 0 0 0
1 1 0 0

Time: 2025-06-04 00:01:00
0 1 0 1
1 0 0 1
0 0 0 0
1 1 0 0

Time: 2025-06-04 00:02:00
0 1 0 1
1 0 0 1
0 0 0 0
1 1 0 0

Time: 2025-06-04 00:03:00
0 1 0 1
1 0 0 1
0 0 0 0
1 1 0 0

Time: 2025-06-04 00:04:00
0 1 0 1
1 0 0 1
0 0 0 0
1 1 0 0

Time: 2025-06-04 00:05:00
0 1 0 1
1 0 0 1
0 0 0 0
1 1 0 0

Time: 2025-06-04 00:06:00
0 1 0 1
1 0 0 1
0 0 0 0
1 1 0 0

Time: 2025-06-04 00:07:00
0 1 0 1
1 0 0 1
0 0 0 0
1 1 0 0

Time: 2025-06-04 00:08:00
0 1 0 1
1 0 0 1
0 0 0 0
1 1 0 0

Time: 2025-06-04 00:09:00
0 1 0 1
1 0 0 1
0 0 0 0
1 1 0 0

Time: 2025-06-04 00:10:00
0 1 0 1
1 0 0 1
0 0 0 0
1 1 0 0

Time: 2025-06-04 00:11:00
0 1 0 1
1 0 0 1
0 0 0 0
1 1 0 0

Time: 2025-06-04 00:12:00
0 1 0 1
1 0 0 1
0 0 0 0
1 1 0 0

Time: 2025-06-04 00:13:00
0 1 0 1
1 0 0 1
0 0 0 0
1 1 0 0

Time: 2025-06-04 00:14:00
0 1 0 1
1 0 0 1
0 0 0 0
1 1 0 0

Time: 2025-06-04 00:15:00
0 1 0 1
1 0 0 1
0 0 0 0
1 1 0 0

Time: 2025-06-04 00:16:00
0 1 0 1
1 0 0 1
0 0 0 0
1 1 0 0

Time: 2025-06-04 00:17:00
0 1 0 1
1 0 0 1
0 0 0 0
1 1 0 0

Time: 2025-06-04 00:18:00
0 1 0 1
1 0 0 1
0 0 0 0
1 1 0 0

Time: 2025-06-04 00:19:00
0 1 0 1
1 0 0 1
0 0 0 0
1 1 0 0

